INSTANCE_NAME v_36_a60_r0_b2
NB_VERTICES 36
NB_ARCS 60
NB_BLOCKAGES 2


VERTICES
6 12 
15 21 
24 30 
3 4 
26 27 
35 36 
16 17 
21 22 
20 26 
22 23 
29 35 
31 32 
8 9 
17 18 
27 28 
25 26 
2 8 
11 17 
13 14 
30 36 
32 33 
7 13 
16 22 
25 31 
26 32 
4 5 
3 9 
5 6 
12 18 
14 15 
21 27 
22 28 
23 24 
9 10 
8 14 
1 2 
10 11 
17 23 
19 20 
28 29 
27 33 
13 19 
15 16 
33 34 
18 24 
20 21 
29 30 
4 10 
5 11 
14 20 
23 29 
34 35 
9 15 
2 3 
11 12 
1 7 
10 16 
19 25 
28 34 
7 8 


ARCS
6 12 1
15 21 1
24 30 1
3 4 1
26 27 1
35 36 1
16 17 1
21 22 1
20 26 1
22 23 1
29 35 1
31 32 1
8 9 1
17 18 1
27 28 1
25 26 1
2 8 1
11 17 1
13 14 1
30 36 1
32 33 1
7 13 1
16 22 1
25 31 1
26 32 1
4 5 1
3 9 1
5 6 1
12 18 1
14 15 1
21 27 1
22 28 1
23 24 1
9 10 1
8 14 1
1 2 1
10 11 1
17 23 1
19 20 1
28 29 1
27 33 1
13 19 1
15 16 1
33 34 1
18 24 1
20 21 1
29 30 1
4 10 1
5 11 1
14 20 1
23 29 1
34 35 1
9 15 1
2 3 1
11 12 1
1 7 1
10 16 1
19 25 1
28 34 1
7 8 1


REQUESTS

BLOCKAGES

18 12
11 5

END
